Run semi-empirical minimization
 &qmmm
    qm_theory='AM1', grms_tol=0.0005,
 scfconv=1.d-10, ndiis_attempts=700,   qmcharge=0,
 /
   7     N       -3.2590        2.8360        0.0000 
   6     C       -4.5930        2.0660        0.0000 
   6    C1       -4.5930        0.5260        0.0000 
   6    C2       -3.2590       -0.2440        0.0000 
   6    C3       -1.9260        0.5260        0.0000 
   6    C4       -1.9260        2.0660        0.0000 
   7    N1       -0.5920       -0.2440        0.0000 
   6    C5        0.7420        0.5260        0.0000 
   6    C6        2.0750       -0.2440        0.0000 
   6    C7        3.4090        0.5260        0.0000 
   6    C8        4.7430       -0.2440        0.0000 
   6    C9        6.0770        0.5260        0.0000 
   6   C10        6.0770        2.0660        0.0000 
   6   C11        4.7430        2.8360        0.0000 
   6   C12        3.4090        2.0660        0.0000 
   8     O        0.7420        1.3710       -1.1540 
   1     H        4.7430        3.4680        0.8630 
   1    H1        4.7430        3.4680       -0.8630 
   1    H2        6.6250        2.3820        0.8630 
   1    H3        6.6250        2.3820       -0.8630 
   1    H4        6.6250        0.2100        0.8630 
   1    H5        6.6250        0.2100       -0.8630 
   1    H6        4.7430       -0.8760        0.8630 
   1    H7        4.7430       -0.8760       -0.8630 
   1    H8        2.8610        2.3820       -0.8630 
   1    H9        2.8610        2.3820        0.8630 
   1   H10        2.0750       -0.8760        0.8630 
   1   H11        2.0750       -0.8760       -0.8630 
   1   H12       -0.5920       -1.2440        0.0000 
   1   H13       -5.5200        2.6010        0.0000 
   1   H14       -5.5200       -0.0090        0.0000 
   1   H15       -3.2590       -1.3140        0.0000 
   1   H16       -0.9990        2.6010        0.0000 
   1   H17        3.4090        0.5260       -1.0700 

